-7.95847750865-8.04227941176
0,848,1439,1390
608,672,1327,1312
544,574,1390,1376
720,767,1391,1376
736,751,1375,1344
752,767,1375,1360
800,863,1487,1408
864,879,1487,1424
816,863,1343,1328
832,863,1327,1296
848,863,1295,1280
864,959,1327,1312
928,975,1343,1328
896,911,1311,1296
944,1311,1423,1391
1120,1151,1391,1328
1104,119,1391,1376
1104,1119,1391,1376
1024,1055,1391,1360
128,158,1392,1360
1152,1184,1359,1344
1280,1310,1391,1360
1504,1903,1503,1392
1936,2047,1503,1392
1632,1647,1391,1328
1616,1631,1391,1376
1776,1806,1391,1360
768,1055,1679,1632
928,975,1631,1616
944,959,1615,1600
1088,1119,1679,1632
1184,1215,1679,1632
1472,1525,1663,1632
1792,1855,1664,1632
1888,1852,1679,1632
1952,1967,1631,1616
1968,1984,1615,1584
1984,2000,1583,1568
2000,2015,1567,1552
2016,2022,1551,1520
1888,1903,1631,1600
1903,1918,1631,1616
768,798,1631,1536
928,943,1423,1407
912,944,1487,1423
