-3.97923875432-2.01056985294
BottomLevel=================================================31
Floor================================================
768,1055,1679,1632
928,975,1631,1616
944,959,1615,1600
1088,1119,1679,1632
1184,1215,1679,1632
1472,1525,1663,1632
1792,1855,1664,1632
1888,1852,1679,1632
1945,1967,1631,1616
1960,1984,1615,1584
1977,2000,1583,1568
1993,2015,1567,1552
1918,1951,1647,1632
Wall================================================
2011,2022,1551,1520
544,798,1646,1536
Obstacles================================================
560,767,1537,1488
1888,1900,1631,1600
1900,1915,1631,1616
980,1026,1551,1504
1031,1066,1535,1513
1077,1103,1536,1517
1143,1168,1519,1503
1189,1219,1551,1503
1224,1248,1536,1520
1280,1311,1551,1520
1376,1398,1535,1516
1480,1503,1551,1534
1632,1655,1551,1534
1696,1719,1551,1533
1768,1791,1551,1535
1807,1839,1519,1503
StartingLevel===============================================30
Floor================================================
0,848,1439,1390
800,863,1487,1408
864,879,1487,1424
1504,1900,1503,1392
1936,2047,1503,1392
912,944,1487,1423
928,943,1423,1407
Obstacles================================================
0,31,1391,1360
128,158,1392,1360
544,575,1390,1374
608,672,1327,1312
720,740,1391,1376
736,752,1360,1344
736,767,1392,1360
816,863,1343,1328
832,863,1327,1296
848,863,1295,1280
864,959,1327,1312
928,975,1343,1328
896,911,1311,1296
944,1311,1423,1391
1120,1151,1391,1328
1104,119,1391,1376
1104,1119,1391,1376
1024,1055,1391,1360
1152,1184,1359,1344
1280,1310,1391,1360
1632,1647,1391,1328
1616,1631,1391,1376
1776,1806,1391,1360
MiddleLevel=================================================46
Wall==============================================
256,287,863,768
2015,2047,1407,240
Floor=============================================
255,303,959,861
304,319,911,893
320,447,948,908
447,479,911,877
480,510,879,813
511,543,847,829
544,607,959,813
736,767,959,845
768,783,895,877
784,799,911,893
800,863,958,909
880,911,865,845
896,911,847,829
928,943,865,845
960,975,897,877
1008,1023,897,877
1056,1087,959,925
1184,1215,959,925
1248,1263,913,893
1296,1311,913,893
1328,1343,929,909
1344,1359,881,861
1376,1391,865,845
1392,1407,897,877
1424,1439,913,893
1472,1487,929,909
1520,1535,929,909
1568,1599,959,909
1600,1615,849,829
1632,1647,865,845
1664,1695,960,877
1728,1759,960,909
1792,1824,913,876
1823,1903,1201,876
1936,1951,879,860
1936,1999,913,877
1984,2015,1153,1117
2000,2015,929,845
1312,1343,1151,1005
1280,1391,1247,1149
1376,1439,1025,1005
1472,1503,1151,1005
1424,1535,1247,1149
0,1283,1237,960
UppderLevel==========================================20
Walls==========================================
0,15,638,590
Floor==========================================
286,367,769,672
400,735,721,671
800,1855,721,672
1808,2015,785,766
1856,1871,801,784
160,287,671,528
144,159,623,560
128,143,591,576
112,143,655,624
0,95,543,480
64,79,559,544
48,63,575,560
0,47,591,576
0,47,656,640
47,67,671,656
64,95,687,671
96,111,672,656
288,335,559,528
336,447,546,528

RemoveAfter====================================
607,735,863,848

